caseid	ideol7b	presvote	retecon	white	female	age	educ1_7	income	partyid	bushiraq	exptrnout2
3.0	6.0	1	0.5	1.0	1	37.0	6.0	23.0	6.0	1.0	1
8.0	4.0	0	0.0	1.0	1	56.0	4.0	8.0	1.0	0.0	1
10.0	6.0	1	0.5	1.0	1	47.0	7.0	23.0	6.0	1.0	1
14.0	4.0	1	0.0	1.0	1	33.0	3.0	10.0	5.0	0.33333334	1
16.0	4.0	0	-0.5	1.0	0	39.0	6.0	23.0	2.0	0.0	1
20.0	4.0	0	-1.0	0.0	1	33.0	4.0	5.0	0.0	0.33333334	1
21.0	3.0	1	0.5	1.0	1	31.0	6.0	19.0	6.0	0.0	1
23.0	6.0	1	-0.5	1.0	0	37.0	4.0	18.0	5.0	0.33333334	1
24.0	6.0	1	1.0	1.0	0	27.0	6.0	14.0	6.0	1.0	1
26.0	4.0	0	0.0	0.0	1	44.0	3.0	14.0	1.0	0.0	1
29.0	4.0	0	0.0	0.0	1	40.0	3.0	10.0	0.0	0.0	1
33.0	5.0	1	0.5	1.0	1	50.0	6.0	20.0	4.0	0.6666667	1
38.0	3.0	1	-0.5	1.0	0	46.0	6.0	14.0	4.0	0.0	1
42.0	4.0	1	0.0	1.0	0	59.0	3.0	6.0	5.0	0.33333334	1
46.0	6.0	1	0.5	1.0	1	39.0	3.0	20.0	6.0	1.0	1
55.0	5.0	1	0.5	1.0	0	62.0	3.0	20.0	6.0	1.0	1
57.0	5.0	1	0.5	1.0	0	59.0	6.0	23.0	5.0	1.0	1
58.0	6.0	1	0.5	1.0	0	26.0	3.0	18.0	6.0	1.0	1
62.0	4.0	1	-0.5	0.0	0	60.0	4.0	18.0	3.0	0.6666667	1
63.0	2.0	0	-1.0	1.0	1	41.0	7.0	20.0	0.0	0.0	1
64.0	2.0	0	0.5	1.0	1	77.0	3.0	6.0	0.0	0.0	1
69.0	6.0	1	-0.5	1.0	1	47.0	3.0	19.0	5.0	1.0	1
71.0	4.0	1	-0.5	1.0	0	23.0	3.0	7.0	6.0	0.6666667	1
74.0	5.0	1	0.0	1.0	0	56.0	6.0	20.0	1.0	0.6666667	1
77.0	6.0	1	-0.5	1.0	1	28.0	5.0	15.0	6.0	1.0	1
80.0	6.0	1	0.5	1.0	0	51.0	6.0	23.0	4.0	0.6666667	1
85.0	4.0	1	0.5	1.0	0	42.0	3.0	19.0	6.0	1.0	1
86.0	5.0	1	-1.0	1.0	1	71.0	3.0	10.0	1.0	0.33333334	1
90.0	6.0	1	0.0	0.0	0	74.0	3.0	11.0	4.0	1.0	1
92.0	2.0	0	0.0	1.0	1	53.0	6.0	23.0	1.0	0.0	1
93.0	6.0	1	0.5	1.0	1	67.0	3.0	10.0	6.0	1.0	1
96.0	1.0	0	-1.0	0.0	1	32.0	6.0	19.0	0.0	0.0	1
100.0	4.0	0	-1.0	0.0	0	64.0	2.0	8.0	2.0	0.0	1
101.0	4.0	1	0.5	1.0	1	44.0	6.0	19.0	6.0	1.0	1
103.0	6.0	1	0.5	1.0	1	61.0	5.0	18.0	1.0	1.0	1
104.0	6.0	1	0.5	1.0	0	67.0	7.0	20.0	4.0	0.6666667	1
105.0	5.0	1	0.0	1.0	0	75.0	7.0	17.0	6.0	1.0	1
106.0	4.0	0	-1.0	1.0	0	70.0	3.0	14.0	0.0	0.0	1
109.0	5.0	1	0.0	1.0	1	45.0	3.0	23.0	6.0	1.0	1
111.0	2.0	0	0.0	1.0	1	47.0	7.0	23.0	2.0	0.0	1
113.0	4.0	0	0.0	0.0	1	28.0	3.0	15.0	2.0	0.0	1
117.0	6.0	0	-1.0	0.0	1	24.0	4.0	14.0	0.0	0.0	1
122.0	5.0	0	-0.5	1.0	1	73.0	3.0	5.0	0.0	0.0	1
123.0	5.0	1	0.5	1.0	0	61.0	7.0	23.0	6.0	0.6666667	1
124.0	3.0	1	0.5	1.0	0	55.0	3.0	19.0	5.0	1.0	1
127.0	5.0	1	0.0	1.0	0	21.0	4.0	20.0	5.0	0.6666667	1
134.0	6.0	1	1.0	1.0	1	24.0	4.0	16.0	6.0	0.6666667	1
138.0	5.0	1	0.5	1.0	0	73.0	6.0	20.0	5.0	0.0	1
139.0	4.0	1	1.0	1.0	0	21.0	3.0	10.0	6.0	1.0	1
142.0	4.0	0	-1.0	1.0	1	77.0	3.0	9.0	0.0	0.6666667	1
144.0	5.0	0	-0.5	1.0	0	52.0	6.0	23.0	2.0	0.0	1
145.0	3.0	0	-0.5	1.0	1	67.0	3.0	16.0	2.0	0.0	1
148.0	7.0	1	0.5	1.0	0	46.0	5.0	18.0	6.0	1.0	1
152.0	3.0	0	-0.5	1.0	0	23.0	4.0	10.0	2.0	0.0	1
157.0	4.0	0	-1.0	1.0	1	68.0	3.0	13.0	1.0	0.0	1
159.0	2.0	0	-0.5	1.0	1	29.0	6.0	20.0	0.0	0.0	1
165.0	6.0	1	0.0	1.0	1	58.0	5.0	23.0	6.0	0.6666667	1
167.0	6.0	1	0.5	1.0	1	49.0	6.0	10.0	6.0	1.0	1
168.0	4.0	0	-0.5	1.0	1	29.0	2.0	11.0	1.0	0.0	1
169.0	4.0	0	-1.0	0.0	1	58.0	7.0	15.0	0.0	0.0	1
172.0	6.0	1	0.0	1.0	0	34.0	5.0	19.0	5.0	0.0	1
173.0	1.0	0	-0.5	0.0	0	23.0	5.0	21.0	2.0	0.0	1
174.0	4.0	0	0.0	0.0	0	62.0	3.0	6.0	0.0	0.0	1
176.0	6.0	1	0.0	1.0	0	19.0	3.0	18.0	5.0	0.6666667	1
182.0	6.0	1	0.0	1.0	1	36.0	7.0	22.0	6.0	0.6666667	1
184.0	5.0	0	0.0	0.0	0	44.0	4.0	17.0	3.0	0.0	1
186.0	4.0	0	-1.0	1.0	1	63.0	2.0	2.0	1.0	0.0	1
187.0	4.0	1	0.5	1.0	0	37.0	6.0	23.0	4.0	1.0	1
190.0	5.0	1	0.5	1.0	0	38.0	2.0	17.0	5.0	1.0	1
195.0	4.0	1	-1.0	0.0	0	55.0	3.0	15.0	3.0	0.0	1
205.0	4.0	0	-0.5	1.0	1	20.0	4.0	23.0	2.0	0.6666667	1
211.0	5.0	0	0.0	1.0	1	53.0	4.0	21.0	5.0	0.33333334	1
213.0	5.0	1	-0.5	1.0	0	30.0	4.0	19.0	2.0	0.0	1
217.0	4.0	0	-1.0	1.0	1	73.0	4.0	13.0	0.0	0.0	1
218.0	4.0	1	0.0	1.0	1	41.0	3.0	12.0	5.0	0.6666667	1
219.0	1.0	0	0.0	1.0	0	62.0	7.0	22.0	1.0	0.0	1
228.0	4.0	1	-0.5	1.0	1	38.0	4.0	20.0	6.0	0.0	1
234.0	6.0	1	0.5	1.0	0	44.0	3.0	18.0	5.0	1.0	1
235.0	7.0	1	0.0	1.0	0	59.0	3.0	15.0	5.0	1.0	1
237.0	4.0	1	0.0	1.0	1	82.0	4.0	22.0	1.0	0.0	1
238.0	4.0	0	-1.0	0.0	1	61.0	2.0	1.0	0.0	0.0	1
240.0	4.0	1	0.0	1.0	0	51.0	4.0	11.0	1.0	1.0	1
241.0	4.0	1	-1.0	0.0	1	35.0	3.0	6.0	3.0	0.0	1
242.0	3.0	0	-1.0	1.0	1	54.0	3.0	17.0	0.0	0.0	1
243.0	7.0	1	0.0	1.0	0	58.0	6.0	12.0	4.0	0.6666667	1
253.0	4.0	0	-1.0	0.0	1	25.0	3.0	12.0	1.0	0.0	1
255.0	4.0	0	-1.0	1.0	0	56.0	3.0	4.0	3.0	0.0	1
258.0	6.0	1	0.0	1.0	1	77.0	2.0	6.0	6.0	1.0	1
260.0	4.0	0	0.0	1.0	0	51.0	6.0	23.0	2.0	0.0	1
262.0	3.0	0	-1.0	1.0	1	78.0	7.0	12.0	0.0	0.0	1
263.0	6.0	1	0.5	1.0	0	48.0	3.0	17.0	2.0	0.6666667	1
266.0	5.0	1	-0.5	1.0	0	51.0	3.0	19.0	6.0	0.33333334	1
272.0	5.0	1	0.0	1.0	0	30.0	5.0	13.0	5.0	0.6666667	1
275.0	3.0	1	0.0	1.0	1	31.0	5.0	14.0	1.0	1.0	1
282.0	5.0	1	0.0	1.0	1	29.0	6.0	17.0	5.0	0.6666667	1
284.0	6.0	1	0.0	1.0	0	60.0	3.0	23.0	6.0	1.0	1
285.0	6.0	1	0.0	1.0	0	80.0	6.0	15.0	6.0	0.6666667	1
293.0	4.0	0	-0.5	1.0	1	26.0	3.0	8.0	1.0	0.0	1
295.0	2.0	0	-1.0	0.0	0	66.0	7.0	23.0	0.0	0.0	1
300.0	3.0	1	-0.5	1.0	1	45.0	4.0	19.0	5.0	0.0	1
301.0	4.0	1	0.0	1.0	0	54.0	2.0	5.0	6.0	1.0	1
307.0	4.0	1	0.5	0.0	0	55.0	6.0	23.0	1.0	0.6666667	1
308.0	5.0	1	0.0	1.0	0	62.0	3.0	23.0	6.0	1.0	1
310.0	6.0	1	1.0	1.0	0	47.0	7.0	23.0	6.0	0.6666667	1
313.0	4.0	0	0.0	1.0	0	71.0	3.0	14.0	1.0	0.0	1
322.0	2.0	0	-0.5	1.0	1	28.0	6.0	11.0	0.0	0.0	1
325.0	7.0	1	0.5	1.0	0	27.0	4.0	13.0	6.0	1.0	1
331.0	7.0	1	0.0	1.0	0	45.0	3.0	23.0	6.0	1.0	1
334.0	4.0	0	-1.0	0.0	1	38.0	5.0	12.0	1.0	0.0	1
341.0	6.0	1	0.0	1.0	0	46.0	4.0	20.0	5.0	0.6666667	1
343.0	6.0	1	-1.0	1.0	1	51.0	3.0	6.0	6.0	1.0	1
344.0	4.0	0	-1.0	0.0	0	39.0	4.0	18.0	2.0	0.0	1
351.0	2.0	0	-0.5	1.0	1	62.0	6.0	18.0	0.0	0.0	1
354.0	2.0	0	0.5	1.0	0	76.0	7.0	23.0	0.0	0.0	1
355.0	6.0	1	0.5	1.0	1	31.0	4.0	20.0	6.0	1.0	1
357.0	4.0	0	-0.5	1.0	1	78.0	2.0	16.0	3.0	0.0	1
359.0	4.0	0	-0.5	1.0	0	28.0	4.0	15.0	1.0	0.6666667	1
362.0	5.0	1	0.0	1.0	1	56.0	5.0	13.0	4.0	0.6666667	1
366.0	4.0	0	-0.5	1.0	0	79.0	4.0	12.0	4.0	0.0	1
367.0	4.0	1	0.5	1.0	0	83.0	1.0	2.0	4.0	1.0	1
368.0	6.0	1	0.5	1.0	1	63.0	7.0	16.0	5.0	0.33333334	1
370.0	5.0	1	0.5	1.0	0	44.0	3.0	21.0	6.0	1.0	1
376.0	4.0	0	-0.5	0.0	1	62.0	5.0	19.0	0.0	0.0	1
380.0	2.0	0	0.0	1.0	1	27.0	4.0	18.0	0.0	0.0	1
381.0	5.0	1	0.5	1.0	0	27.0	4.0	14.0	5.0	1.0	1
384.0	6.0	0	-1.0	0.0	1	88.0	3.0	2.0	0.0	0.0	1
389.0	5.0	0	-0.5	0.0	1	58.0	5.0	17.0	2.0	0.0	1
392.0	7.0	0	-1.0	0.0	1	50.0	5.0	8.0	1.0	0.0	1
396.0	4.0	0	-1.0	1.0	1	41.0	3.0	19.0	3.0	0.0	1
397.0	6.0	1	0.0	1.0	1	33.0	6.0	18.0	6.0	1.0	1
402.0	4.0	0	0.0	1.0	1	55.0	7.0	13.0	2.0	0.0	1
406.0	4.0	0	-0.5	1.0	0	48.0	6.0	14.0	2.0	0.0	1
407.0	4.0	0	-0.5	0.0	1	25.0	2.0	9.0	2.0	0.33333334	1
411.0	1.0	0	-1.0	0.0	0	77.0	1.0	11.0	1.0	0.0	1
422.0	3.0	0	0.0	1.0	1	65.0	3.0	13.0	0.0	0.0	1
424.0	4.0	1	-0.5	1.0	1	63.0	3.0	14.0	6.0	1.0	1
426.0	2.0	0	-0.5	1.0	0	52.0	6.0	17.0	0.0	0.0	1
428.0	4.0	0	-1.0	0.0	1	31.0	7.0	15.0	1.0	0.0	1
430.0	3.0	0	-1.0	1.0	1	51.0	4.0	15.0	0.0	0.0	1
433.0	4.0	0	-1.0	0.0	1	29.0	5.0	1.0	0.0	0.0	1
434.0	4.0	1	0.5	1.0	0	25.0	4.0	14.0	4.0	1.0	1
437.0	5.0	0	-0.5	1.0	0	46.0	6.0	17.0	5.0	0.0	1
438.0	4.0	0	-1.0	1.0	1	64.0	3.0	13.0	0.0	0.0	1
439.0	2.0	0	0.0	1.0	1	28.0	6.0	20.0	0.0	0.0	1
443.0	6.0	1	0.0	1.0	0	39.0	3.0	18.0	5.0	0.33333334	1
444.0	6.0	1	0.0	1.0	0	68.0	6.0	23.0	5.0	0.6666667	1
445.0	4.0	0	-0.5	1.0	0	76.0	4.0	14.0	0.0	0.0	1
452.0	4.0	1	0.5	1.0	0	64.0	2.0	13.0	5.0	1.0	1
457.0	6.0	1	0.0	1.0	1	62.0	7.0	22.0	4.0	1.0	1
458.0	5.0	0	-1.0	1.0	0	32.0	6.0	19.0	4.0	0.0	1
459.0	4.0	1	1.0	1.0	0	56.0	3.0	19.0	1.0	0.0	1
462.0	1.0	0	-0.5	1.0	1	24.0	6.0	5.0	2.0	0.0	1
467.0	4.0	1	0.5	1.0	0	36.0	3.0	18.0	4.0	0.6666667	1
471.0	6.0	1	1.0	1.0	0	67.0	5.0	18.0	6.0	1.0	1
472.0	6.0	1	0.5	1.0	0	40.0	4.0	13.0	6.0	0.33333334	1
475.0	4.0	0	-1.0	0.0	1	23.0	4.0	2.0	1.0	0.0	1
476.0	4.0	0	-1.0	1.0	1	79.0	3.0	19.0	0.0	0.0	1
478.0	4.0	1	0.5	1.0	1	58.0	3.0	12.0	1.0	1.0	1
481.0	4.0	0	-1.0	1.0	0	43.0	3.0	17.0	2.0	0.0	1
497.0	2.0	0	-0.5	1.0	0	34.0	3.0	12.0	1.0	0.33333334	1
498.0	6.0	1	0.0	1.0	1	54.0	3.0	18.0	6.0	1.0	1
500.0	2.0	0	-0.5	1.0	1	56.0	3.0	23.0	0.0	0.0	1
503.0	2.0	0	-0.5	1.0	1	24.0	5.0	12.0	0.0	0.6666667	1
507.0	2.0	0	0.0	1.0	1	24.0	6.0	17.0	2.0	0.0	1
508.0	2.0	0	0.0	1.0	1	35.0	7.0	23.0	0.0	0.0	1
509.0	4.0	1	0.0	1.0	1	82.0	2.0	10.0	6.0	1.0	1
511.0	1.0	0	0.0	1.0	1	53.0	6.0	23.0	1.0	0.0	1
512.0	2.0	0	-0.5	1.0	1	45.0	4.0	15.0	2.0	0.0	1
513.0	6.0	0	-1.0	0.0	0	40.0	3.0	18.0	3.0	0.6666667	1
527.0	5.0	0	-0.5	0.0	1	39.0	7.0	17.0	1.0	0.0	1
530.0	6.0	0	0.0	1.0	1	51.0	3.0	23.0	2.0	0.0	1
531.0	6.0	1	0.0	1.0	1	40.0	7.0	20.0	6.0	1.0	1
534.0	6.0	1	0.0	1.0	0	43.0	4.0	16.0	3.0	0.0	1
535.0	5.0	1	0.5	1.0	0	62.0	6.0	23.0	5.0	0.6666667	1
536.0	5.0	1	0.5	1.0	0	48.0	7.0	19.0	5.0	0.6666667	1
537.0	4.0	0	0.5	1.0	1	65.0	3.0	13.0	0.0	0.0	1
539.0	3.0	0	0.0	1.0	0	48.0	7.0	17.0	1.0	0.0	1
541.0	4.0	0	-0.5	0.0	1	63.0	3.0	11.0	1.0	0.0	1
542.0	5.0	1	0.5	1.0	0	69.0	6.0	19.0	5.0	0.33333334	1
544.0	4.0	1	0.0	1.0	1	58.0	4.0	20.0	5.0	1.0	1
545.0	7.0	1	0.5	0.0	0	19.0	4.0	3.0	4.0	1.0	1
547.0	3.0	0	-0.5	1.0	0	28.0	5.0	17.0	1.0	0.0	1
551.0	4.0	0	-0.5	1.0	1	44.0	3.0	10.0	0.0	0.0	1
558.0	5.0	1	0.5	1.0	1	38.0	4.0	17.0	1.0	1.0	1
564.0	4.0	1	1.0	1.0	0	52.0	3.0	20.0	4.0	1.0	1
565.0	6.0	1	0.5	1.0	0	72.0	7.0	23.0	5.0	0.6666667	1
572.0	2.0	0	-1.0	1.0	1	31.0	7.0	21.0	0.0	0.0	1
576.0	4.0	0	0.0	0.0	1	18.0	3.0	1.0	1.0	0.33333334	1
584.0	6.0	1	0.5	1.0	1	83.0	3.0	11.0	6.0	0.6666667	1
585.0	4.0	0	-0.5	0.0	1	36.0	3.0	19.0	1.0	0.0	1
586.0	3.0	0	-0.5	1.0	1	63.0	7.0	21.0	0.0	0.0	1
589.0	1.0	0	0.0	1.0	1	19.0	4.0	3.0	2.0	0.0	1
590.0	4.0	0	-0.5	0.0	0	34.0	7.0	23.0	0.0	0.0	1
597.0	6.0	0	0.0	1.0	1	44.0	4.0	8.0	1.0	0.0	1
599.0	4.0	1	-0.5	1.0	0	26.0	6.0	17.0	6.0	1.0	1
604.0	2.0	0	-0.5	1.0	1	83.0	7.0	16.0	0.0	0.0	1
605.0	4.0	1	0.0	1.0	1	56.0	3.0	22.0	4.0	1.0	1
607.0	6.0	0	-1.0	1.0	1	57.0	4.0	17.0	0.0	0.0	1
610.0	3.0	0	0.0	1.0	1	57.0	5.0	19.0	2.0	0.0	1
611.0	4.0	1	0.0	1.0	1	31.0	7.0	18.0	1.0	0.6666667	1
613.0	4.0	1	-0.5	1.0	1	38.0	5.0	23.0	2.0	0.0	1
614.0	4.0	1	0.5	1.0	1	27.0	6.0	18.0	2.0	0.0	1
616.0	4.0	0	0.0	1.0	1	56.0	7.0	22.0	0.0	0.0	1
617.0	4.0	1	-0.5	0.0	0	48.0	5.0	11.0	3.0	0.33333334	1
622.0	5.0	0	-0.5	1.0	0	63.0	3.0	18.0	1.0	0.6666667	1
623.0	2.0	0	-0.5	1.0	0	50.0	6.0	17.0	2.0	0.0	1
624.0	3.0	0	-1.0	0.0	1	33.0	7.0	21.0	1.0	0.0	1
631.0	5.0	1	0.5	1.0	0	70.0	4.0	12.0	4.0	0.6666667	1
632.0	4.0	0	-0.5	1.0	0	57.0	6.0	7.0	1.0	0.0	1
638.0	4.0	0	-1.0	1.0	0	27.0	4.0	14.0	2.0	0.0	1
640.0	4.0	0	-0.5	0.0	1	45.0	7.0	17.0	0.0	0.0	1
644.0	2.0	0	-1.0	0.0	1	18.0	2.0	12.0	1.0	0.0	1
645.0	6.0	1	0.5	1.0	1	30.0	6.0	21.0	5.0	1.0	1
646.0	4.0	1	0.5	1.0	0	64.0	5.0	22.0	4.0	0.6666667	1
647.0	2.0	1	0.5	0.0	0	31.0	5.0	12.0	4.0	1.0	1
649.0	6.0	1	0.0	1.0	1	74.0	4.0	21.0	6.0	0.6666667	1
650.0	2.0	0	-0.5	1.0	1	54.0	7.0	23.0	0.0	0.0	1
651.0	1.0	0	-1.0	0.0	1	21.0	4.0	20.0	0.0	0.0	1
652.0	4.0	0	-1.0	1.0	1	69.0	1.0	7.0	0.0	0.0	1
653.0	3.0	0	-1.0	1.0	1	38.0	7.0	21.0	0.0	0.0	1
655.0	2.0	0	-1.0	1.0	1	27.0	6.0	11.0	0.0	0.0	1
675.0	6.0	1	1.0	1.0	0	44.0	4.0	23.0	6.0	1.0	1
680.0	4.0	1	0.5	1.0	1	61.0	7.0	23.0	6.0	1.0	1
682.0	6.0	1	-0.5	1.0	0	27.0	4.0	18.0	5.0	0.6666667	1
684.0	4.0	1	1.0	0.0	0	57.0	7.0	23.0	5.0	0.33333334	1
692.0	6.0	1	0.5	1.0	1	60.0	7.0	23.0	6.0	1.0	1
694.0	2.0	0	-1.0	1.0	0	49.0	2.0	8.0	1.0	0.0	1
698.0	2.0	0	-1.0	0.0	0	61.0	7.0	1.0	0.0	0.0	1
699.0	6.0	1	0.5	0.0	1	25.0	6.0	10.0	6.0	1.0	1
701.0	6.0	1	0.0	1.0	1	77.0	3.0	12.0	6.0	1.0	1
704.0	4.0	0	-0.5	0.0	1	27.0	4.0	18.0	2.0	0.0	1
710.0	4.0	1	0.5	1.0	1	61.0	4.0	12.0	3.0	1.0	1
717.0	4.0	0	0.0	0.0	1	83.0	6.0	14.0	2.0	0.0	1
718.0	7.0	1	0.5	1.0	1	65.0	7.0	12.0	6.0	0.6666667	1
720.0	6.0	1	-0.5	1.0	1	63.0	4.0	17.0	6.0	0.6666667	1
721.0	3.0	0	-1.0	1.0	1	63.0	2.0	15.0	0.0	0.0	1
727.0	6.0	0	-0.5	0.0	0	26.0	2.0	13.0	0.0	0.33333334	1
731.0	2.0	0	-0.5	0.0	0	23.0	4.0	14.0	0.0	0.0	1
735.0	5.0	1	0.5	1.0	1	50.0	4.0	18.0	5.0	0.6666667	1
736.0	5.0	0	0.0	1.0	1	49.0	5.0	18.0	2.0	0.0	1
737.0	2.0	0	0.0	1.0	0	25.0	4.0	12.0	2.0	0.0	1
739.0	5.0	0	-1.0	0.0	1	60.0	7.0	17.0	1.0	0.0	1
740.0	4.0	0	-1.0	1.0	0	55.0	4.0	18.0	0.0	1.0	1
744.0	5.0	1	0.0	1.0	1	57.0	3.0	14.0	5.0	0.6666667	1
746.0	4.0	1	0.5	1.0	1	49.0	5.0	16.0	1.0	1.0	1
752.0	4.0	0	0.0	0.0	0	50.0	4.0	16.0	1.0	1.0	1
755.0	4.0	0	-0.5	1.0	0	45.0	7.0	21.0	1.0	0.0	1
759.0	4.0	0	0.0	0.0	1	23.0	6.0	22.0	2.0	0.0	1
760.0	4.0	0	-1.0	0.0	1	30.0	3.0	2.0	3.0	0.0	1
767.0	3.0	0	-1.0	0.0	1	70.0	6.0	19.0	0.0	0.0	1
768.0	5.0	1	0.5	1.0	1	45.0	7.0	23.0	6.0	1.0	1
769.0	6.0	1	0.0	1.0	0	47.0	6.0	1.0	4.0	0.6666667	1
772.0	3.0	1	0.5	1.0	0	36.0	6.0	18.0	6.0	0.6666667	1
774.0	4.0	0	-0.5	1.0	1	31.0	6.0	16.0	1.0	0.0	1
776.0	5.0	1	-0.5	1.0	1	24.0	6.0	12.0	4.0	0.6666667	1
777.0	7.0	0	-1.0	0.0	0	22.0	4.0	21.0	2.0	0.0	1
778.0	4.0	1	0.0	1.0	1	31.0	6.0	13.0	4.0	1.0	1
779.0	4.0	0	-1.0	0.0	1	35.0	5.0	9.0	1.0	0.0	1
783.0	7.0	1	0.5	1.0	0	37.0	6.0	21.0	6.0	1.0	1
786.0	4.0	1	0.0	1.0	1	42.0	6.0	18.0	4.0	1.0	1
789.0	6.0	1	0.5	1.0	0	65.0	6.0	23.0	6.0	1.0	1
791.0	2.0	0	-0.5	1.0	1	42.0	7.0	16.0	1.0	0.0	1
795.0	6.0	0	0.0	1.0	1	57.0	3.0	15.0	2.0	0.0	1
796.0	4.0	1	0.5	1.0	1	51.0	5.0	20.0	4.0	0.33333334	1
801.0	4.0	0	-0.5	0.0	1	61.0	4.0	6.0	0.0	1.0	1
810.0	4.0	0	-1.0	1.0	1	42.0	3.0	10.0	6.0	0.0	1
813.0	5.0	1	0.5	0.0	0	46.0	7.0	23.0	5.0	0.6666667	1
815.0	5.0	1	0.0	1.0	0	49.0	4.0	21.0	5.0	0.33333334	1
818.0	4.0	1	0.0	1.0	1	39.0	5.0	15.0	4.0	0.6666667	1
822.0	2.0	0	0.5	1.0	0	29.0	6.0	18.0	0.0	0.0	1
835.0	4.0	1	-0.5	0.0	0	48.0	3.0	11.0	2.0	1.0	1
836.0	6.0	1	0.5	1.0	0	53.0	6.0	17.0	4.0	0.6666667	1
837.0	6.0	1	0.0	1.0	1	35.0	4.0	15.0	5.0	0.6666667	1
844.0	6.0	1	-0.5	1.0	1	64.0	3.0	10.0	6.0	0.6666667	1
849.0	6.0	0	0.5	1.0	1	84.0	3.0	12.0	1.0	0.33333334	1
856.0	6.0	1	0.5	1.0	1	43.0	6.0	23.0	6.0	0.6666667	1
860.0	6.0	1	0.0	1.0	1	63.0	3.0	15.0	6.0	1.0	1
863.0	3.0	1	0.5	1.0	0	18.0	3.0	23.0	5.0	0.6666667	1
867.0	4.0	0	0.5	1.0	1	29.0	3.0	22.0	0.0	0.0	1
872.0	4.0	1	0.0	1.0	1	48.0	6.0	13.0	4.0	0.6666667	1
873.0	6.0	1	0.5	1.0	1	29.0	4.0	14.0	6.0	1.0	1
876.0	6.0	1	0.0	1.0	0	79.0	6.0	19.0	4.0	0.6666667	1
885.0	4.0	1	-0.5	1.0	1	32.0	7.0	14.0	5.0	1.0	1
888.0	5.0	1	1.0	1.0	0	49.0	5.0	13.0	3.0	0.33333334	1
893.0	6.0	1	0.0	1.0	1	24.0	5.0	18.0	5.0	0.33333334	1
897.0	4.0	0	-0.5	1.0	0	65.0	4.0	20.0	0.0	0.0	1
898.0	3.0	0	-1.0	1.0	0	61.0	3.0	21.0	0.0	0.0	1
899.0	4.0	0	0.5	1.0	1	61.0	5.0	17.0	5.0	0.6666667	1
901.0	1.0	0	-1.0	1.0	1	63.0	7.0	18.0	0.0	0.0	1
903.0	3.0	0	-1.0	0.0	0	64.0	4.0	20.0	1.0	0.0	1
907.0	5.0	1	0.5	1.0	0	63.0	7.0	23.0	5.0	0.6666667	1
908.0	5.0	1	0.5	1.0	0	36.0	5.0	21.0	5.0	1.0	1
911.0	5.0	0	-0.5	0.0	1	35.0	3.0	14.0	1.0	0.0	1
913.0	4.0	0	-0.5	0.0	0	43.0	4.0	11.0	0.0	0.0	1
916.0	3.0	0	0.0	1.0	0	40.0	7.0	22.0	2.0	0.0	1
919.0	4.0	0	0.0	0.0	1	61.0	3.0	10.0	0.0	0.0	1
922.0	1.0	0	0.0	0.0	1	28.0	6.0	6.0	0.0	0.0	1
924.0	4.0	0	-1.0	1.0	1	75.0	4.0	10.0	3.0	0.0	1
929.0	4.0	0	0.0	1.0	0	40.0	5.0	21.0	3.0	0.33333334	1
930.0	3.0	0	-0.5	1.0	0	74.0	4.0	6.0	0.0	0.0	1
932.0	6.0	1	-1.0	1.0	1	86.0	1.0	12.0	6.0	0.0	1
943.0	5.0	1	0.5	1.0	1	23.0	4.0	5.0	6.0	0.6666667	1
947.0	2.0	0	0.0	1.0	1	28.0	6.0	19.0	1.0	0.0	1
951.0	2.0	0	-1.0	0.0	0	58.0	7.0	23.0	0.0	0.0	1
953.0	2.0	0	0.0	1.0	1	51.0	4.0	16.0	0.0	0.0	1
955.0	4.0	0	-1.0	1.0	1	67.0	4.0	8.0	3.0	0.0	1
959.0	6.0	0	-1.0	0.0	1	38.0	5.0	17.0	0.0	0.0	1
973.0	2.0	0	0.0	1.0	0	20.0	4.0	3.0	1.0	0.33333334	1
976.0	3.0	0	-0.5	1.0	1	44.0	3.0	18.0	0.0	0.0	1
979.0	5.0	1	0.0	1.0	0	52.0	6.0	23.0	6.0	1.0	1
981.0	3.0	0	-0.5	1.0	0	40.0	7.0	21.0	2.0	0.0	1
985.0	4.0	0	-0.5	1.0	1	57.0	4.0	21.0	2.0	0.33333334	1
986.0	4.0	0	-0.5	1.0	0	52.0	4.0	20.0	0.0	0.0	1
987.0	4.0	1	-0.5	1.0	1	44.0	4.0	20.0	4.0	0.6666667	1
989.0	6.0	1	0.5	1.0	0	37.0	3.0	21.0	4.0	1.0	1
996.0	2.0	1	0.0	1.0	0	77.0	4.0	23.0	6.0	1.0	1
999.0	4.0	0	0.0	1.0	0	80.0	2.0	9.0	1.0	0.0	1
1002.0	4.0	1	0.0	0.0	1	57.0	3.0	16.0	3.0	0.33333334	1
1007.0	4.0	0	-0.5	1.0	0	49.0	7.0	21.0	2.0	0.33333334	1
1012.0	4.0	1	0.5	1.0	1	43.0	5.0	19.0	6.0	1.0	1
1013.0	5.0	1	0.5	1.0	1	51.0	6.0	21.0	6.0	0.33333334	1
1017.0	5.0	1	0.0	1.0	1	50.0	5.0	21.0	5.0	0.6666667	1
1020.0	4.0	0	0.0	0.0	1	38.0	7.0	21.0	2.0	0.0	1
1021.0	6.0	1	1.0	1.0	0	24.0	4.0	18.0	5.0	1.0	1
1023.0	5.0	1	-0.5	1.0	0	51.0	4.0	20.0	5.0	0.6666667	1
1026.0	4.0	1	0.5	0.0	1	56.0	6.0	16.0	3.0	0.0	1
1030.0	6.0	0	-1.0	0.0	0	45.0	3.0	9.0	0.0	0.0	1
1031.0	2.0	0	0.5	1.0	0	64.0	7.0	17.0	0.0	0.0	1
1033.0	2.0	0	-0.5	1.0	0	33.0	5.0	4.0	2.0	0.0	1
1034.0	4.0	0	-0.5	1.0	1	34.0	3.0	4.0	1.0	0.0	1
1036.0	4.0	0	0.0	1.0	0	31.0	6.0	22.0	2.0	0.0	1
1039.0	6.0	1	0.5	1.0	0	59.0	6.0	23.0	6.0	1.0	1
1040.0	5.0	1	-1.0	1.0	1	54.0	4.0	18.0	4.0	0.6666667	1
1049.0	6.0	1	0.5	1.0	1	67.0	3.0	20.0	6.0	1.0	1
1050.0	3.0	0	0.0	0.0	1	52.0	7.0	20.0	2.0	0.0	1
1054.0	5.0	1	-0.5	1.0	1	57.0	3.0	15.0	5.0	0.6666667	1
1058.0	4.0	1	1.0	1.0	0	56.0	6.0	13.0	6.0	1.0	1
1059.0	5.0	1	0.0	1.0	0	53.0	7.0	23.0	4.0	0.33333334	1
1064.0	4.0	0	-1.0	0.0	0	51.0	3.0	11.0	0.0	0.0	1
1073.0	6.0	1	-1.0	1.0	1	51.0	4.0	7.0	5.0	0.6666667	1
1074.0	4.0	1	-0.5	1.0	1	25.0	3.0	8.0	4.0	0.0	1
1086.0	6.0	0	-0.5	1.0	1	82.0	1.0	13.0	0.0	0.0	1
1087.0	5.0	0	-0.5	1.0	1	66.0	3.0	10.0	3.0	0.0	1
1089.0	2.0	0	-0.5	1.0	0	68.0	7.0	15.0	0.0	0.0	1
1090.0	4.0	1	0.5	1.0	0	55.0	3.0	17.0	5.0	1.0	1
1091.0	5.0	1	0.0	1.0	1	31.0	6.0	18.0	5.0	0.0	1
1093.0	6.0	1	0.5	1.0	1	36.0	6.0	13.0	5.0	0.6666667	1
1095.0	4.0	1	0.5	1.0	1	25.0	7.0	21.0	5.0	0.6666667	1
1104.0	4.0	1	-0.5	1.0	1	34.0	4.0	18.0	5.0	0.6666667	1
1109.0	4.0	0	-1.0	1.0	0	23.0	5.0	7.0	2.0	0.0	1
1111.0	4.0	1	0.0	1.0	1	30.0	4.0	17.0	5.0	1.0	1
1112.0	4.0	0	-0.5	0.0	0	35.0	6.0	17.0	1.0	0.0	1
1122.0	1.0	0	-1.0	1.0	1	29.0	7.0	16.0	2.0	0.0	1
1124.0	4.0	0	-0.5	0.0	1	33.0	6.0	17.0	1.0	0.0	1
1128.0	5.0	1	0.0	1.0	1	54.0	4.0	19.0	6.0	1.0	1
1131.0	6.0	1	0.5	1.0	1	51.0	3.0	18.0	5.0	1.0	1
1136.0	4.0	1	0.5	0.0	1	36.0	7.0	23.0	4.0	0.33333334	1
1143.0	3.0	1	0.5	1.0	1	63.0	6.0	15.0	4.0	0.6666667	1
1147.0	4.0	0	-1.0	1.0	1	63.0	3.0	15.0	0.0	0.0	1
1148.0	4.0	0	0.5	1.0	0	49.0	3.0	20.0	2.0	0.0	1
1149.0	6.0	1	0.5	1.0	0	25.0	4.0	12.0	5.0	1.0	1
1155.0	6.0	0	-1.0	1.0	1	58.0	4.0	18.0	4.0	0.0	1
1157.0	7.0	1	0.5	1.0	0	61.0	4.0	23.0	6.0	1.0	1
1162.0	4.0	0	-0.5	1.0	0	70.0	4.0	11.0	3.0	0.0	1
1163.0	4.0	1	-1.0	1.0	0	39.0	3.0	21.0	3.0	0.0	1
1167.0	5.0	1	-0.5	1.0	0	56.0	7.0	23.0	5.0	0.6666667	1
1171.0	6.0	1	0.5	1.0	0	33.0	3.0	19.0	6.0	1.0	1
1174.0	6.0	1	0.0	0.0	0	49.0	4.0	20.0	4.0	1.0	1
1175.0	2.0	0	-1.0	1.0	1	46.0	4.0	2.0	0.0	0.0	1
1177.0	5.0	1	0.5	1.0	0	59.0	6.0	22.0	6.0	1.0	1
1183.0	7.0	1	0.0	1.0	1	49.0	4.0	21.0	6.0	0.6666667	1
1188.0	2.0	0	-1.0	1.0	0	24.0	6.0	12.0	1.0	0.0	1
1189.0	5.0	1	0.0	1.0	0	50.0	7.0	18.0	5.0	0.6666667	1
1191.0	4.0	0	0.5	1.0	1	63.0	7.0	11.0	2.0	0.0	1
1193.0	4.0	0	0.0	0.0	1	44.0	4.0	2.0	2.0	0.0	1
1194.0	6.0	1	-0.5	1.0	1	65.0	6.0	14.0	3.0	1.0	1
1199.0	4.0	1	0.0	1.0	0	42.0	4.0	14.0	4.0	1.0	1
1200.0	3.0	0	-0.5	0.0	0	26.0	6.0	18.0	1.0	0.0	1
1201.0	4.0	1	0.5	1.0	0	44.0	3.0	20.0	3.0	0.0	1
1207.0	4.0	0	0.5	1.0	0	42.0	7.0	21.0	2.0	0.0	1
1208.0	3.0	0	0.0	0.0	0	50.0	6.0	23.0	2.0	0.0	1
1209.0	4.0	1	-0.5	1.0	1	24.0	3.0	6.0	5.0	1.0	1
1211.0	6.0	1	0.0	1.0	0	66.0	6.0	18.0	6.0	1.0	1
											
											
											
											
											
											
											
											
											
											
											
											
											
											
											
											
											
											
											
											
											
											
											
											
											
											
											
											
											
											
											
											
											
											
											
											
											
											
											
											
											
											
											
											
											
											
											
											
											
											
											
											
											
											
											
											
											
											
											
											
											
											
											
											
											
											
											
											
											
											
											
											
											
											
											
											
											
											
											
											
											
											
											
											
											
											
											
											
											
											
											
											
											
											
											
											
											
											
											
											
											
											
											
											
											
											
											
											
											
											
											
											
											
											
											
											
											
											
											
											
											
											
											
											
											
											
											
											
											
											
											
											
											
											
											
											
											
											
											
											
											
											
											
											
											
											
											
											
											
											
											
											
											
											
											
											
											
											
											
											
											
											
											
											
											
											
											
											
											
											
											
											
											
											
											
											
											
											
											
											
											
											
											
											
											
											
											
											
											
											
											
											
											
											
											
											
											
											
											
											
											
											
											
											
											
											
											
											
											
											
											
											
											
											
											
											
											
											
											
											
											
											
											
											
											
											
											
											
											
											
											
											
											
											
											
											
											
											
											
											
											
											
											
											
											
											
											
											
											
											
											
											
											
											
											
											
											
											
											
											
											
											
											
											
											
											
											
											
											
											
											
											
											
											
											
											
											
											
											
											
											
											
											
											
											
											
											
											
											
											
											
											
											
											
											
											
											
											
											
											
											
											
											
											
											
											
											
											
											
											
											
											
											
											
											
											
											
											
											
											
											
											
											
											
											
											
											
											
											
											
											
											
											
											
											
											
											
											
											
											
											
											
											
											
											
											
											
											
											
											
											
											
											
											
											
											
											
											
											
											
											
											
											
											
											
											
											
											
											
											
											
											
											
											
											
											
											
											
											
											
											
											
											
											
											
											
											
											
											
											
											
											
											
											
											
											
											
											
											
											
											
											
											
											
											
											
											
											
											
											
											
											
											
											
											
											
											
											
											
											
											
											
											
											
											
											
											
											
											
											
											
											
											
											
											
											
											
											
											
											
											
											
											
											
											
											
											
											
											
											
											
											
											
											
											
											
											
											
											
											
											
											
											
											
											
											
											
											
											
											
											
											
											
											
											
											
											
											
											
											
											
											
											
											
											
											
											
											
											
											
											
											
											
											
											
											
											
											
											
											
											
											
											
											
											
											
											
											
											
											
											
											
											
											
											
											
											
											
											
											
											
											
											
											
											
											
											
											
											
											
											
											
											
											
											
											
											
											
											
											
											
											
											
											
											
											
											
											
											
											
											
											
											
											
											
											
											
											
											
											
											
											
											
											
											
											
											
											
											
											
											
											
											
											
											
											
											
											
											
											
											
											
											
											
											
											
											
											
											
											
											
											
											
											
											
											
											
											
											
											
											
											
											
											
											
											
											
											
											
											
											
											
											
											
											
											
											
